0.9997596167719353
0.9998909272677343
0.9997681099884653
0.9999824400410118
0.9943024679124853
1.0
0.9999939049508095
0.9999975605368041
0.9999993995044626
0.9999727577790057
0.9999950885716595
0.8332479422766862
0.999807422290551
1.0
1.0
0.9999347293895338
1.0
0.9999949542563727
0.9999799655404406
1.0
1.0
1.0
0.9999854660906878
0.9999854660906878
0.9999854660906878
0.9999854660906878
0.9799298965573305
1.0
0.9999974916976461
1.0
1.0
0.9996469636716544
1.0
1.0
1.0
0.9999898503112726
0.9999954794821395
0.9999965635344111
1.0
0.9999918380949911
1.0
0.9999994553804828
0.9999994553804828
0.9999988572118261
0.9999630497761159
1.0
0.9999975912058696
0.9999986402867741
1.0
1.0
0.9999996175620435
0.9999951758426867
0.999999470681209
1.0
0.9999998734413059
1.0
0.9999891409186562
1.0
1.0
1.0
1.0
0.9999998251737804
0.9999347034201868
0.9999925913527608
0.9998105966968481
1.0
0.9999980419508906
0.999810316348355
0.9998061330903297
1.0
0.9999521010727647
0.9183915841658358
1.0
1.0
1.0
1.0
0.9183911294187806
0.9183915841658358
0.9999876758752909
0.9999934006871841
1.0
1.0
0.9999996391434506
0.9999996391434506
1.0
0.9999942380751428
0.9999662558074571
0.9999942592823513
0.9999988794899375
0.9999985535128498
1.0
1.0
0.9999794631890859
0.9999914877619828
1.0
1.0
0.999998903438971
1.0
1.0
1.0
0.9999936254362254
1.0
0.9999975038794021
1.0
1.0
0.9999918524068687
1.0
1.0
1.0
1.0
1.0
0.9999998213166729
1.0
1.0
0.999999480092295
1.0
0.9999990852170028
0.9999882288185212
0.9999998867410219
1.0
0.9999998603361212
1.0
0.9999997327880571
0.9999996879984344
1.0
1.0
0.9999997327866286
1.0
1.0
0.5713896205894743
1.0
1.0
1.0
1.0
1.0
0.9999997595070494
0.9999997265054323
0.9999863500996892
0.9999689253141991
1.0
1.0
1.0
0.9999882810607298
0.9999998410469161
0.9999980151633074
0.9999996928500965
0.9999997727616237
1.0
0.9999992098788709
0.9999967385451356
0.999947562970388
0.999947562970388
0.9999976670606419
0.9999980883075501
0.9999495608258915
0.9999992439488039
1.0
1.0
1.0
1.0
1.0
1.0
0.5714278683604954
0.5714278683604954
0.9999881558510959
0.9999785646382925
0.5714278683604954
1.0
0.9999997931824812
0.9999997600899495
1.0
0.9999930466755251
0.9999901443642946
0.9999801740713704
1.0
0.9999906776132835
1.0
1.0
0.8571427272063809
1.0
1.0
0.9999977199542752
0.9999942511957881
0.9999996801144553
1.0
0.9999992565730079
0.9999807184309003
1.0
1.0
1.0
1.0
1.0
1.0
0.999621479007646
0.9996214152202325
0.9999999362125865
1.0
0.999999939784583
0.999621479007646
1.0
0.9996214187922288
1.0
0.999621479007646
1.0
0.9999999362125865
1.0
1.0
0.9999999397846716
1.0
1.0
1.0
1.0
1.0
1.0
1.0
0.9999705932182479
1.0
1.0
0.9999905750269633
1.0
1.0
0.9999906242047503
1.0
1.0
1.0
1.0
0.9999973328850505
0.9999973328850505
1.0
0.9999973328850505
0.9999985973667701
0.9999985973667701
1.0
1.0
1.0
1.0
1.0
1.0
0.9999770258586379
1.0
0.9999988667605217
1.0
1.0
0.9999828930823839
0.9999828930823839
1.0
0.9999988667605217
1.0
1.0
0.9999672606186113
0.9999731688790944
0.9292961903297564
0.9292448509975787
0.9999894980835747
1.0
0.929246823037496
1.0
0.9999998077392374
1.0
0.9999899703327559
0.9999838924828442
0.9999985707207079
1.0
1.0
1.0
1.0
0.9999996937007956
1.0
1.0
0.9999999156620653
0.9999941240552348
0.9999993499208664
0.999999000696257
0.9999908331052014
1.0
1.0
1.0
1.0
0.9999908331052014
1.0
1.0
1.0
1.0
1.0
1.0
1.0
0.9999915576724232
1.0
1.0
0.9999997581245934
1.0
1.0
1.0
1.0
0.9999999182168716
0.9999900888946591
1.0
0.9999997541457192
0.9999998241418624
0.9999983353782029
1.0
1.0
1.0
1.0
1.0
1.0
0.9999978369785634
0.9999216449488075
0.9999995118266052
1.0
0.9994727115349631
0.9999981569904854
0.9999999358252882
1.0
1.0
1.0
1.0
1.0
1.0
0.9999923848364503
1.0
0.9999972145450802
0.9999997166012459
1.0
0.9999994517055777
0.9999893578615243
1.0
0.9999995521344943
0.9999997794436902
1.0
0.9999917801658597
1.0
1.0
1.0
0.9999998140275752
0.9999998140275752
1.0
0.9999986808152564
0.9999985165226125
1.0
0.9999998150863628
0.28571383349219
1.0
0.999912734400547
0.9998978940573741
1.0
0.9999013598914737
1.0
1.0
1.0
1.0
0.9997440550012329
0.9992224945473307
0.9985039686215137
1.0
1.0
0.9522161869788286
1.0
0.9999769290257935
1.0
1.0
1.0
0.9999721559464524
1.0
0.9999818399228576
0.9999204687816665
0.9999204687816665
0.9999841746962778
0.9998119927612276
0.9999318232322904
1.0
1.0
1.0
1.0
0.9999999288967161
0.9998429310134892
1.0
1.0
1.0
1.0
1.0
0.9999756516313606
1.0
1.0
1.0
1.0
1.0
0.9999974616121501
1.0
0.999998032915648
0.9999982073286017
0.9999937018563998
1.0
1.0
1.0
1.0
1.0
0.9999855429568882
0.9999773259481621
1.0
1.0
1.0
1.0
0.9999855431022433
0.9999534137650078
1.0
1.0
