10120.0
713.0
0.0
3140.0
0.0
0.0
4017.0
3132.0
862.0
0.0
0.0
2264.0
2979.0
2215.0
7598.0
19.0
2328.0
354.0
611.0
90.0
0.0
135.0
0.0
0.0
0.0
0.0
0.0
0.0
78.0
0.0
0.0
0.0
0.0
19.0
0.0
0.0
8814.0
9188.0
0.0
0.0
0.0
24.0
0.0
0.0
0.0
288.0
0.0
0.0
20.0
0.0
0.0
959.0
0.0
0.0
0.0
0.0
0.0
0.0
300.0
0.0
0.0
0.0
0.0
0.0
645.0
0.0
0.0
0.0
0.0
0.0
111.0
0.0
0.0
0.0
670.0
0.0
500.0
454.0
1202.0
1260.0
265.0
180.0
0.0
0.0
0.0
0.0
0.0
0.0
0.0
0.0
0.0
0.0
0.0
0.0
0.0
0.0
0.0
883.0
0.0
0.0
0.0
0.0
0.0
0.0
0.0
0.0
0.0
0.0
0.0
0.0
0.0
0.0
0.0
0.0
0.0
0.0
0.0
0.0
9.0
0.0
0.0
0.0
0.0
9.0
381.0
286.0
0.0
0.0
0.0
12.0
0.0
0.0
0.0
0.0
0.0
7.0
256.0
0.0
0.0
0.0
0.0
0.0
0.0
0.0
0.0
0.0
0.0
4526.0
4526.0
0.0
0.0
0.0
0.0
0.0
0.0
2929.0
2929.0
2870.0
564.0
26.0
294.0
3754.0
0.0
0.0
3754.0
3754.0
22.0
3776.0
0.0
3787.0
0.0
0.0
3754.0
5075.0
163.0
5522.0
0.0
1377.0
307.0
1556.0
0.0
0.0
1606.0
1606.0
0.0
0.0
1606.0
1654.0
1606.0
282.0
394.0
0.0
0.0
0.0
0.0
0.0
0.0
0.0
0.0
0.0
0.0
0.0
5.0
359.0
1395.0
0.0
641.0
0.0
0.0
0.0
0.0
0.0
0.0
42.0
0.0
0.0
0.0
0.0
0.0
0.0
0.0
0.0
0.0
0.0
0.0
0.0
0.0
0.0
88.0
0.0
0.0
6.0
0.0
164.0
164.0
164.0
0.0
0.0
0.0
0.0
688.0
0.0
0.0
0.0
0.0
17358.0
17358.0
17204.0
0.0
17547.0
0.0
17616.0
0.0
0.0
0.0
0.0
7.0
297.0
7.0
7.0
261.0
0.0
14.0
88.0
698.0
7.0
0.0
24.0
24.0
1015.0
653.0
362.0
0.0
0.0
0.0
0.0
24.0
172.0
0.0
545.0
9.0
983.0
74.0
72.0
138.0
3477.0
39.0
7.0
0.0
102.0
0.0
0.0
0.0
0.0
0.0
0.0
0.0
0.0
0.0
0.0
0.0
0.0
0.0
0.0
0.0
362.0
362.0
1539.0
1539.0
0.0
2613.0
0.0
0.0
0.0
0.0
0.0
0.0
0.0
0.0
0.0
0.0
0.0
0.0
0.0
0.0
0.0
0.0
394.0
105.0
0.0
0.0
0.0
404.0
0.0
0.0
471.0
404.0
550.0
872.0
0.0
872.0
389.0
0.0
872.0
2062.0
389.0
3815.0
2062.0
0.0
1830.0
1753.0
262.0
511.0
350.0
0.0
0.0
0.0
0.0
0.0
0.0
412.0
880.0
815.0
0.0
2988.0
34.0
0.0
0.0
4.0
0.0
0.0
0.0
64.0
0.0
0.0
0.0
0.0
0.0
0.0
0.0
0.0
367.0
214.0
0.0
0.0
0.0
0.0
0.0
0.0
0.0
0.0
950.0
1304.0
0.0
442.0
442.0
216.0
217.0
66.0
466.0
1337.0
1337.0
0.0
442.0
0.0
466.0
0.0
0.0
1337.0
0.0
950.0
950.0
184.0
0.0
0.0
107.0
418.0
0.0
63.0
42.0
486.0
235.0
0.0
0.0
0.0
0.0
0.0
0.0
0.0
0.0
0.0
0.0
137.0
0.0
0.0
0.0
0.0
1497.0
0.0
1517.0
20.0
323.0
363.0
0.0
363.0
1497.0
3308.0
0.0
122.0
3401.0
2450.0
0.0
0.0
1541.0
6860.0
775.0
5851.0
1.0
0.0
0.0
9.0
336.0
0.0
458.0
2712.0
2712.0
1918.0
9.0
0.0
0.0
0.0
1.0
1115.0
168.0
13554.0
11401.0
0.0
1207.0
145.0
0.0
0.0
0.0
0.0
0.0
378.0
0.0
0.0
0.0
30.0
0.0
0.0
245.0
240.0
0.0
117.0
1171.0
1005.0
1659.0
0.0
30.0
2239.0
30.0
2032.0
0.0
0.0
1236.0
79.0
0.0
0.0
356.0
0.0
0.0
79.0
366.0
0.0
259.0
259.0
259.0
251.0
0.0
1894.0
1539.0
131.0
77.0
3440.0
3307.0
3307.0
4168.0
732.0
0.0
37.0
0.0
0.0
0.0
0.0
0.0
14.0
0.0
32.0
0.0
246.0
4724.0
4060.0
1191.0
46.0
46.0
4060.0
80.0
0.0
246.0
0.0
0.0
0.0
0.0
0.0
0.0
0.0
0.0
56.0
210.0
61.0
4.0
65.0
0.0
0.0
45.0
672.0
527.0
1154.0
0.0
0.0
56.0
45.0
0.0
9.0
0.0
0.0
120.0
145.0
25.0
4.0
2141.0
74.0
187.0
0.0
0.0
0.0
0.0
25.0
10.0
0.0
4.0
0.0
0.0
0.0
0.0
0.0
0.0
0.0
611.0
0.0
19.0
0.0
0.0
358.0
0.0
0.0
0.0
193.0
82.0
0.0
215.0
0.0
0.0
383.0
0.0
129.0
502.0
510.0
137.0
137.0
0.0
0.0
0.0
0.0
456.0
0.0
0.0
0.0
1245.0
0.0
505.0
557.0
1273.0
568.0
0.0
4569.0
0.0
0.0
0.0
0.0
0.0
82.0
129.0
30.0
30.0
0.0
0.0
0.0
0.0
0.0
0.0
0.0
0.0
0.0
380.0
0.0
0.0
0.0
0.0
21.0
0.0
0.0
88.0
53.0
0.0
940.0
0.0
0.0
1531.0
0.0
259.0
511.0
0.0
0.0
1.0
1922.0
63.0
348.0
55.0
1832.0
0.0
1828.0
22.0
0.0
1915.0
1.0
4575.0
3612.0
0.0
1437.0
0.0
0.0
0.0
0.0
21.0
21.0
21.0
1458.0
1458.0
133.0
0.0
107.0
0.0
0.0
0.0
0.0
0.0
0.0
0.0
0.0
1387.0
0.0
21296.0
1387.0
19930.0
0.0
448.0
78.0
273.0
490.0
0.0
0.0
0.0
0.0
0.0
0.0
797.0
743.0
18.0
51.0
51.0
33.0
0.0
0.0
0.0
0.0
0.0
11.0
0.0
0.0
0.0
0.0
0.0
238.0
238.0
42.0
11.0
238.0
0.0
185.0
446.0
1611.0
116.0
1237.0
250.0
83.0
83.0
379.0
557.0
267.0
114.0
0.0
114.0
167.0
0.0
267.0
83.0
114.0
631.0
1070.0
0.0
0.0
0.0
74.0
0.0
74.0
0.0
0.0
114.0
0.0
114.0
0.0
0.0
0.0
74.0
114.0
