2297.0
297.0
1689.0
279.0
1196.0
0.0
175.0
8.0
1.0
4.0
171.0
1529.0
162.0
0.0
0.0
1474.0
0.0
63.0
4.0
0.0
0.0
0.0
442.0
442.0
442.0
442.0
5136.0
0.0
42.0
0.0
0.0
7921.0
0.0
0.0
0.0
431.0
638.0
233.0
0.0
380.0
0.0
54.0
54.0
107.0
1646.0
0.0
161.0
115.0
0.0
0.0
33.0
214.0
46.0
0.0
20.0
0.0
516.0
0.0
0.0
0.0
0.0
9.0
2612.0
513.0
6173.0
0.0
1003.0
6967.0
7486.0
0.0
3125.0
1069.0
0.0
0.0
0.0
0.0
1115.0
1069.0
1511.0
1131.0
0.0
0.0
73.0
73.0
0.0
252.0
1907.0
252.0
131.0
299.0
0.0
0.0
827.0
352.0
0.0
0.0
185.0
0.0
0.0
0.0
709.0
0.0
303.0
0.0
0.0
1268.0
0.0
0.0
0.0
0.0
0.0
40.0
0.0
0.0
119.0
0.0
215.0
1833.0
15.0
0.0
24.0
0.0
49.0
57.0
0.0
0.0
49.0
0.0
0.0
49909.0
0.0
0.0
0.0
0.0
0.0
28.0
70.0
1893.0
1477.0
0.0
0.0
0.0
1851.0
42.0
183.0
44.0
28.0
0.0
119.0
466.0
4839.0
4839.0
407.0
347.0
4492.0
119.0
0.0
0.0
0.0
0.0
0.0
0.0
52999.0
52999.0
1842.0
4018.0
53404.0
0.0
40.0
57.0
0.0
2364.0
1842.0
4.0
0.0
4.0
0.0
0.0
5051.0
0.0
0.0
228.0
458.0
133.0
0.0
146.0
4.0
0.0
0.0
0.0
0.0
0.0
0.0
20.0
30.0
10.0
0.0
15.0
20.0
0.0
35.0
0.0
20.0
0.0
10.0
0.0
0.0
15.0
0.0
0.0
0.0
0.0
0.0
0.0
0.0
24.0
0.0
0.0
91.0
0.0
0.0
4.0
0.0
0.0
0.0
0.0
251.0
251.0
0.0
251.0
629.0
629.0
0.0
0.0
0.0
0.0
0.0
0.0
3993.0
0.0
629.0
0.0
0.0
3936.0
3936.0
0.0
629.0
0.0
0.0
2119.0
2698.0
2350.0
7713.0
2058.0
0.0
5655.0
0.0
10.0
0.0
2058.0
3998.0
93.0
0.0
0.0
0.0
0.0
180.0
0.0
0.0
23.0
2575.0
413.0
1035.0
3855.0
0.0
0.0
0.0
0.0
3855.0
0.0
0.0
0.0
0.0
0.0
0.0
0.0
4.0
0.0
0.0
44.0
0.0
0.0
0.0
0.0
23.0
1120.0
0.0
185.0
30.0
917.0
0.0
0.0
0.0
0.0
0.0
0.0
1727.0
3541.0
306.0
0.0
383.0
4.0
10.0
0.0
0.0
0.0
0.0
0.0
0.0
4.0
0.0
319.0
59.0
0.0
130.0
1467.0
0.0
156.0
62.0
0.0
2680.0
0.0
0.0
0.0
60.0
60.0
0.0
208.0
714.0
0.0
60.0
71627.0
0.0
675.0
294.0
0.0
3200.0
0.0
0.0
0.0
0.0
884.0
937.0
943.0
0.0
12.0
7528.0
0.0
509.0
0.0
0.0
0.0
621.0
0.0
537.0
1423.0
1423.0
265.0
876.0
440.0
0.0
0.0
0.0
0.0
54.0
1283.0
0.0
0.0
0.0
0.0
0.0
597.0
0.0
0.0
0.0
0.0
0.0
4.0
0.0
75.0
23.0
102.0
0.0
0.0
0.0
0.0
0.0
106.0
933.0
0.0
0.0
0.0
0.0
106.0
1000.0
0.0
0.0
