0.6575955847200697
0.9999093967283528
1.0
0.8823529411764706
1.0
1.0
0.8822283005528495
0.9375
0.9997048968121531
1.0
1.0
0.9996980379686866
0.6852739727354917
0.8665852821993969
0.7622220959334588
1.0
0.9230175757883755
0.9999909329897864
0.9999738006287793
0.9999617677950383
1.0
0.9999870189263608
1.0
1.0
1.0
1.0
1.0
1.0
0.9999973687146043
1.0
1.0
1.0
1.0
1.0
1.0
1.0
0.9616527125242335
0.9616480884124383
1.0
1.0
1.0
0.9999993819988242
1.0
1.0
1.0
0.9999793956830572
1.0
1.0
0.9999988465618748
1.0
1.0
0.9285714285714286
1.0
1.0
1.0
1.0
1.0
1.0
0.9285714285714286
1.0
1.0
1.0
1.0
1.0
0.9981005044302923
1.0
1.0
1.0
1.0
1.0
0.9999972985156881
1.0
1.0
1.0
0.9999756451839141
1.0
0.9999787639017387
0.9999666518778789
0.9999445912204548
0.9285549104509166
0.9995053569298875
0.9998803764782822
1.0
1.0
1.0
1.0
1.0
1.0
1.0
1.0
1.0
1.0
1.0
1.0
1.0
1.0
1.0
0.9960660729171531
1.0
1.0
1.0
1.0
1.0
1.0
1.0
1.0
1.0
1.0
1.0
1.0
1.0
1.0
1.0
1.0
1.0
1.0
1.0
1.0
0.9999997548229919
1.0
1.0
1.0
1.0
0.9999997553727258
0.9999940073987962
0.9999828232659711
1.0
1.0
1.0
0.9999932419003442
1.0
1.0
1.0
1.0
1.0
0.9999997482471726
0.9999685479479128
1.0
1.0
1.0
1.0
1.0
1.0
1.0
1.0
1.0
1.0
0.9955758977939541
0.9955758977939541
1.0
1.0
1.0
1.0
1.0
1.0
0.9995550043761783
0.9995550043761783
0.9995900574433964
0.999829093272181
0.9999997208147174
0.9999814657838952
0.9993871339763392
1.0
1.0
0.9993871339763392
0.9993871339763392
0.9999991602511588
0.9993864590566909
1.0
0.9993848530145204
1.0
1.0
0.9993872171102952
0.999468394011416
0.9999952526641513
0.999260623338669
1.0
0.999871360100457
0.9999965372291505
0.9333278302479938
1.0
1.0
0.9998251263503224
0.9998251263503224
1.0
1.0
0.9998251263503224
0.9998052939734712
0.9998251263503224
0.9997239895533935
0.9999874935668217
1.0
1.0
1.0
1.0
1.0
1.0
1.0
1.0
1.0
1.0
1.0
0.9999785542967229
0.9999872162739704
0.9333333333333333
1.0
0.9999784723862127
1.0
1.0
1.0
1.0
1.0
1.0
0.9999967865280005
1.0
1.0
1.0
1.0
1.0
1.0
1.0
1.0
1.0
1.0
1.0
1.0
1.0
1.0
0.9999987402718247
1.0
1.0
0.9999997554326958
1.0
0.9999267761833652
0.9999267761833652
0.9999267761833652
1.0
1.0
1.0
1.0
0.9998438588077496
1.0
1.0
1.0
1.0
0.7220331802743519
0.7220331802743519
0.7222222222222222
1.0
0.722139176533734
1.0
0.7222222222222222
1.0
1.0
1.0
1.0
0.9444444444444444
0.9444410488122819
0.9444444444444444
0.9444444444444444
0.9444444444444444
1.0
0.9999998287887486
0.999056671889302
0.8947368421052632
0.9473684210526315
1.0
0.9999988953880482
0.9999988953880482
0.923366215377007
0.9473652472987313
0.976000856844325
1.0
1.0
1.0
1.0
0.9999988953880482
0.9999984414287028
1.0
0.9473660069677774
0.994902682803548
0.9473454248902486
0.999998330834424
0.9999990509132273
0.9999981360973547
0.9047099601921725
0.9999646231291235
0.9999928756661253
1.0
0.9999985722867957
1.0
1.0
1.0
1.0
1.0
1.0
1.0
1.0
1.0
1.0
1.0
1.0
1.0
1.0
1.0
0.9782864791140236
0.9782864791140236
0.976649121476923
0.976649121476923
1.0
0.9290300738578753
1.0
1.0
1.0
1.0
1.0
1.0
1.0
1.0
1.0
1.0
1.0
1.0
1.0
1.0
1.0
1.0
0.9999909374019363
0.9999976781644841
1.0
1.0
1.0
0.9997813462730887
1.0
1.0
0.9997639631086017
0.9997816926867538
0.9997606210575626
0.9294888363016935
1.0
0.9294888363016935
0.9297151089935983
1.0
0.9294888363016935
0.9997436311480115
0.9297151089935983
0.9497436311480115
0.9997436311480115
1.0
0.9499980038987313
0.95
0.9999258728662577
0.9998028628183562
0.9450409120154795
1.0
1.0
1.0
1.0
1.0
1.0
0.9999969764782527
0.9999902287103081
0.9999781845221576
1.0
0.9999473625510787
0.9999997382151826
1.0
1.0
0.9999994691376372
1.0
1.0
1.0
0.9999995104104389
1.0
1.0
1.0
1.0
1.0
1.0
1.0
1.0
0.9999989088285752
0.9999968597633199
1.0
1.0
1.0
1.0
1.0
1.0
1.0
1.0
0.9483150632922511
0.9482645717440554
1.0
0.9999974539628813
0.9999974539628813
0.999964525904482
0.9999986879020508
0.9999859636636079
0.9999491963913417
0.9999691563797574
0.9999691563797574
1.0
0.9999974539628813
1.0
0.9999491963913417
1.0
1.0
0.9999737881329748
1.0
0.9483150632922511
0.9483150632922511
0.9047483074143232
1.0
1.0
0.999999226276603
0.999998344297027
1.0
0.9999997187268583
0.9999997590163735
0.9523788956605866
0.9999986628633499
1.0
1.0
1.0
1.0
1.0
1.0
1.0
1.0
1.0
1.0
0.9999984241774109
1.0
1.0
1.0
1.0
0.999943586754868
1.0
0.9999433873499797
0.9999999067448216
0.999999407332897
0.9999990329621846
1.0
0.9999990329621846
0.9999435990977664
0.9996246714175155
1.0
0.9999863473378756
0.9996172246953907
0.9523809523809523
1.0
1.0
0.999689866053415
0.9519863549106069
0.9999943442798731
0.9520248986607027
0.9999999248371504
1.0
1.0
0.9999996833614854
0.999996509261219
1.0
0.9999983064984977
0.9999736299579144
0.9999736299579144
0.9999800995046486
0.9999997271171408
1.0
1.0
1.0
0.9999999660570685
0.9999956237741646
0.999997941717963
0.8617076063404695
0.9087057362006511
1.0
0.9999928691393086
0.9999987388758181
1.0
1.0
1.0
1.0
1.0
0.9999996473833438
1.0
1.0
1.0
0.9999967357076951
1.0
1.0
0.9999918664074094
0.9998265560656023
1.0
0.9999984742050372
0.9999262811835282
0.9999689823618034
0.9987470123782791
1.0
0.9999980146904167
0.977565662317962
0.9999980146904167
0.9775733357429136
1.0
1.0
0.9999457079079405
0.999995460425616
1.0
1.0
0.9999947894539077
1.0
1.0
0.999995460425616
0.9999996072005465
1.0
0.9999982391145924
0.9999982391145924
0.9999982391145924
0.9999886768850513
1.0
0.9999435916480902
0.9999694137487474
0.9999996621565349
0.999999760235683
0.9999088322669742
0.9999086445099202
0.9999086445099202
0.9998900427570128
0.9999928170618777
1.0
0.9999993413966479
1.0
1.0
1.0
1.0
1.0
0.9999992472829249
1.0
0.9999932336082412
1.0
0.9998500385975352
0.9997608317173712
0.9999396539487186
0.9998639612166241
0.9999915969654793
0.9999915969654793
0.9999396539487186
0.9999998336533825
1.0
0.9998500385975352
1.0
1.0
1.0
1.0
1.0
1.0
1.0
1.0
0.9999965462391626
0.9999804637009617
0.9999964158080007
0.999999977291337
0.9999963930993377
1.0
1.0
0.999999886395904
0.9999972397338425
0.9999974993765632
0.9999940259620818
1.0
1.0
0.9999964411523456
0.999999886395904
1.0
0.9999999520675626
1.0
1.0
0.9999952763150255
0.999995220718755
0.9999999158325946
0.9999995861693702
0.9999896792518524
1.0
0.9999994856339783
1.0
1.0
1.0
1.0
0.9999999329544693
0.9999989826362065
1.0
0.999999592206579
1.0
1.0
1.0
1.0
1.0
1.0
1.0
0.9999984946498032
1.0
0.9999998930212488
1.0
1.0
0.9999999383439984
1.0
1.0
1.0
0.9973528118810755
0.9997004929367616
1.0
0.9999962287754068
1.0
1.0
0.9967576913114141
1.0
0.9999998244859666
0.9967573475708593
0.9967573475708593
0.9998974493835914
0.9998974493835914
1.0
1.0
1.0
1.0
0.999999045625541
1.0
1.0
1.0
0.9999950363014624
1.0
0.9999980771901291
0.9999990351337043
0.9998696957570034
0.9998840512712274
1.0
0.914048526498633
1.0
1.0
1.0
1.0
1.0
0.9999997527027302
0.9999996450586761
0.9884836165729158
0.9884836165729158
1.0
1.0
1.0
1.0
1.0
1.0
1.0
1.0
1.0
0.9999994873853528
1.0
1.0
1.0
1.0
0.9999999598164423
1.0
1.0
0.9999998076853126
0.999999888785987
1.0
0.9999970803520316
1.0
1.0
0.9999919851551337
1.0
0.9999993375676458
0.9999995430642326
1.0
1.0
0.9999999712839344
0.9230752476467264
0.9999770775013022
0.9998900816465769
0.9999998854137273
0.9230527013318552
1.0
0.9230527193666075
0.9999999643878514
1.0
0.9999879854157576
0.9999999778927707
0.9228563727430826
0.9230428154091096
1.0
0.9230768747748525
1.0
1.0
1.0
1.0
0.9999875626039728
0.9999875626039728
0.9999875626039728
0.9230653941015967
0.9230653941015967
0.9999997470201499
1.0
0.9999998148414578
1.0
1.0
1.0
1.0
1.0
1.0
1.0
1.0
0.999619511020606
1.0
0.9788131551355406
0.999619511020606
0.9791936087421496
1.0
0.9999583948254367
0.9999846537535125
0.9999807072531187
0.9999358236162438
1.0
1.0
1.0
1.0
1.0
1.0
0.9998653772354656
0.9998667491559415
0.9999999129088667
0.999999815435761
0.999999815435761
0.9999999034489523
1.0
1.0
1.0
1.0
1.0
0.9999999652962538
1.0
1.0
1.0
1.0
1.0
0.9999321900518822
0.9999321900518822
0.9999997742732004
0.999999965296774
0.9999321900518822
1.0
0.9999987852105954
0.999896812470364
0.9998929673907747
0.9999998734843033
0.9999973407249875
0.9999933590740563
0.9999937651434124
0.9999937651434124
0.9999933224901526
0.999999059911707
0.9999995090418894
0.9999998091853098
1.0
0.9999998091853098
0.9999996141331691
1.0
0.9999995090418894
0.9999937665266828
0.9999998132815576
0.9998955978856453
0.9999978382934186
1.0
1.0
1.0
0.9999804485300263
1.0
0.9999804485300263
1.0
1.0
0.9999997834740416
1.0
0.9999997834740416
1.0
1.0
1.0
0.9999804485300263
0.9999997834740416
