0.3318331776566039
0.8656011964818334
0.6841288489396955
0.7380093215484189
0.9998806026851594
0.9999962958122305
0.9999468510018993
0.9046984356030174
0.99999757057363
0.9999997187268583
0.9523770452706415
0.9999984241774109
0.952013227244354
0.9999768367889198
0.9530019618844086
0.9985699514027998
0.9999310937818098
0.9999073837595046
0.9997847854544656
0.9998500385975352
0.9999738316495013
0.9999876013142551
0.999999592206579
0.9999983267147676
0.9936372252558431
0.9139968407686117
0.9999999599893528
0.9999994472017951
0.9999998076853126
0.999999888785987
0.9999970803520316
0.9999915112954606
0.9228559668328621
0.9226315066211134
